0.4038684140330993 0.6394882997770536 0.6334184588426794 0.14808982560943815 -0.06924939092131618 -0.09166037369855928
0.22086658964961056 0.23067861787957306 0.4923887189774054 0.48281970919944883 0.6019075210664162 0.2388906620841009 -0.05551927876667297 0.2482067816391318
0.23541831971890506 0.16648304502440966 0.2619541936103542 0.8070317717280068 0.13455579175760116 0.37941240166710116 0.1650892378781576 -0.08733751905182287 -0.1412937591560155
0.9746444464061992 -0.22375925252278062 -0.3146849619848746
0.29949182696112264 0.5035033423953157 0.17483304993238238 0.38810674077637225 0.4120778969578858 0.525292684151038 0.15794086523760495 0.048636249492351506 -0.05043999737307455 -0.49807823292182896
0.3799516526474208 0.7035949114383969 0.08540020949445747 0.06899475492954943 0.5848075440312938 -0.08085546798509338 0.25949034734296283
0.780403874668593 0.6121819601585793 -0.1272911625316023 0.027888288389978477
0.40411089273781475 0.3864327757824708 0.477114665813054 0.20894328190301997 0.028792713713313184 0.2436561911129712 0.22302674690826052 0.39697645719635316 0.32355855001689193 0.2039449757016331 -0.04749853836818342 -0.775583135604224
0.30274127322265953 0.7343434865324839 0.6031254244000427 -0.07298690099673445 -0.07759103558096037
0.5784096108229712 0.33224795196836715 0.2814866748313096 0.14313919689213836 0.1402550230933356 0.5613153675419535 0.07429382450577114 0.31330571130688795 0.10959838602072304 -0.0699412758584203 0.6209437505927564
